0 0.5010416666666666 0.2796296296296296 0.04791666666666666 0.1425925925925926
0 0.3763020833333333 0.3875 0.08072916666666667 0.075
0 0.23854166666666665 0.30694444444444446 0.052083333333333336 0.06944444444444445
0 0.09244791666666667 0.23935185185185187 0.044270833333333336 0.036111111111111115
0 0.6315104166666666 0.4351851851851852 0.0640625 0.1
0 0.7322916666666667 0.5486111111111112 0.065625 0.08981481481481482
0 0.8677083333333333 0.6171296296296297 0.05416666666666667 0.06574074074074074
0 0.5104166666666666 0.04166666666666667 0.035416666666666666 0.08333333333333334
0 0.7770833333333333 0.11157407407407408 0.046875 0.0638888888888889
0 0.82578125 0.0912037037037037 0.0203125 0.10648148148148148
0 0.8565104166666666 0.11574074074074074 0.021354166666666667 0.11481481481481481
